2791498993
2791477405
2115008226
2015011339
2791470222
1493015446
2791495902
2791478174
2791498748
1232456879
1082012652
2791500449
2791473351
2791472213
2701499103
8898091451
2791483720
2791472243
2791472824
8898095746
2791464160
2791485381
2791472562
2791472059
2791490620
2791478572
1099012144
1917038479
2791482064
1615022353
2791480006
1406015836
1095012481
1813022235
2791495955
1397015845
2791496194
2791465762
2791465762
8702073564
2791488457
8997030215
2791470448
8391001601
8389001614
1812014947
1209013987
2791483004
2791463956
2791484759
2791499380
2791476594
1409016819
1002015714
2791486718
2791465825
2791475736
2791493932
1109018184
8702094909
1406014046
2791486881
2791493698
1106016003
8904033061
2791495425
8891081938
2797482693
8999028769
2791490101
2791466777
2791499063
2791463641
9793003686
2791474199
1005012030
2791479747
8699057788
2791470569
8199001548
2791481102
2791468662
1501000031
9891006714
2791471797
3453684510
2791500019
2791469969
2791483528
2791488679
2791475079
8896077870
1815014313
2791484409
2791467993
2791467278
2791470435
1408012709
1513019451
2791500424
2791463755
2791491874
2791470085
2791488312
2791478358
2791476302
2791468971
2791465427
2791471843
2791469425
2791467301
8881076458
8599012836
2791467815
2791472751
2791470194
1406012334
2791476154
2791487302
8699060023
2791496798
2791480206
2245674322
2791467909
2791495509
2791473442
8780082600
1507017186
2791496734
2791500745
2791470107
2791499591
2791463645
2791487461
1507017186
2791500720
2791472601
1607017753
1412013034
2791488878
2791470933
2791472905
2791494547
1899016331
1711024355
8190001887
2791466431
2791468346
1608021883
2791483524
8698070795
1514016941
8696056325
2791476338
2791486845
2791490255
2791478779
2791471358
2791471324
8807081615
1917043419
2791472905
2791465077
2791500511
8790074991
2791485519
2791475132
1909043432
2791491455
2791501004
2791466710
2791465005
8698057341
2791465962
2791497904
2791494208
9796009538
1916022571
8501023294
8605064091
2791472504
2791492253
2791480199
2791490389
2791469644
2791482575
2791479687
2791492468
1917037906
8806090569
1506015104
1209010669
2791470455
2791489584
2791494567
2791473903
8887078495
8798074084
1814023892
1104197346
2791468273
2791488719
2791500531
8604054665
2791469031
2791469473
2791488721
2791472306
1812020766
2791472119
2791479080
1599014321
2791480797
2791490699
2791480821
2791469305
2791471041
2791464857
8604055130
8693064941
8792076162
2791478862
1817023838
1007016591
8503020394
2791473730
1914036196
1915024917
8696060312
2791501002
8995029571
2791470037
2791485707
2791477994
2791485922
1498012137
8802091142
1208012503
2791479939
2791464067
2791490291
2791480061
2791497918
2791470384
2791481923
2791500893
1700020328
2791466083
1209012740
1089015930
1614018994
2791478875
1918047212
8478012108
1615018884
8798094966
1916024105
2791499002
2791483619
2791477133
9788003594
2791484652
1408017901
2791495068
2019006252
2791483614
1911011923
1110000012
1914026065
1413014742
1914026065
2791491070
2791498245
1914003720
8503019831
2791485530
2791468274
2791471270
2791495341
2791478754
1711022962
2016003818
2013006381
2015002951
2791471343
2791498623
2791471523
2791491137
8990031619
2791472614
2791497157
2791467016
2791493795
2791496554
2019003702
8795096357
2791472588
2791495397
1813018421
1915020965
9787014381
2791497936
2791499569
9791006031
2791469098
2791476675
2791464185
2791492376
1916022582
2791467962
2791470347
9787005760
9788012887
2791492794
2791492428
2791494349
8807097810
2791468404
2791483645
1507012753
8699068901
1918036113
9885004689
2791466390
2791491351
1614018281
2015002947
2791494889
2791499455
2791492428
1615017224
2791472584
1200011524
1919052867
2791489908
8802089278
8600055555
1914004847
2791475736
1506019444
1915023724
2791489344
2791477904
8782078169
1999033722
2791485907
2791465241
1913011997
2791496249
2791468533
2791498903
1207010651
1261014120
1211011211
2791497464
1918031762
1814018615
1913029071
1917049182
1510019331
8792076823
2791472298
2791486317
2015007341
8782087173
2014020851
1100013931
1917023083
2791488616
1615023071
2791497765
2791471347
2791473789
2791483314
1110013540
1307011581
8804092993
2791466309
2791492359
1298012909
2791465361
2791473776
2791491413
2791475891
2791485091
2791464753
8999033910
1916037064
1110011576
2791481794
2791472183
2791494749
2791496747
2791500466
1914031153
2791481035
2791488869
8398001575
8585018670
8896083077
2791473525
1918028191
1211010401
2791474532
1006012806
8698071101
2791474309
1813014878
8600070654
2791486433
2791488478
2791484770
8887079621
2791468428
1998014738
2791467284
2791465621
8485011453
1311016081
1917008512
2791470885
2791489897
2791476579
2791498887
2791483814
2791474876
2791483947
2791485480
1506013553
2791469289
2018009147
2791473811
2791469611
2791477507
2791496519
8593018815
2791474516
8700101056
2791475877
1918026513
2791493500
2791499140
2015009967
2791473062
1916021070
2791474975
8907027957
2791500672
2791490402
1918045541
1310015379
8903031917
2791467999
1210012074
1815021381
1906049559
8597020191
2791465820
2791500810
2791489363
2018003774
2014001175
2791493670
2791476023
2791482025
1915031865
1915046717
8799091275
2791497769
16888014011
1514015808
8581019969
2791472546
2791500430
8879080475
1801026880
1807015453
8598014461
2791500262
2791488328
2791469043
2791467964
1211009069
1509013805
9784010196
1109011230
8796096923
8789086721
2791467383
2791463981
1917014066
2791465086
2791497863
2008010366
8298001472
1902032863
1906024216
2791486818
2791466059
2791491047
1513019451
1615021819
2791469913
8678055757
8895092893
2791498815
8605069037
2791463828
2014004041
2791493128
2791490837
2791473399
8497019958
2791465431
1211012220
1541666899
1411012163
2791472305
1918038688
2791491638
1814016559
2791500375
2791472893
1913010722
1914048526
1512016307
2791477997
2791485434
1703020557
2019016794
1813024636
2791499360
1918008631
1615023231
1916019381
1811019316
1005015611
2791468941
2791470903
2791494518
2791479951
1509018756
2791471347
2791469124
2791501085
2791472071
2791487602
2791465797
1915026907
8885091691
8798094157
1918022334
2791487820
2791489517
8699062441
8899086065
1514021601
8681064675
1813022753
2791485394
2791497946
1981046781
2740805354
1714023228
1810014931
1915032131
2790602080
2791467620
2791496053
2791487423
2016015252
2791487538
2791487602
2791487839
1810026001
2791484083
8880083051
8881079842
2791497150
1918028360
2791467543
2791500748
2019007723
8997031556
2791476267
2791497731
1614017191
2791491771
11060121197
8803097148
2791492702
1918038249
1804021760
1209009456
2791501255
2791485247
1918022242
8895088758
2791485908
8799077103
2791493945
2791470927
8686063795
2791499619
1914036382
2791474200
2791492147
2791476152
2791466834
1917039858
2791467723
2791487141
2791463687
2791489644
2791481087
2791497492
2791496084
1913000247
2791489026
2791483115
2008020719
2791480197
1612014925
2791487666
2791472734
1913022565
1312014790
2791478066
2791493195
2012024704
8798099013
2791499774
1911027149
2791466842
8904035629
8705080051
2120010606
1893016404
2791494382
2791489597
1914009573
2791480103
2791492285
2791499590
8084002158
1696015776
2791495132
2016017201
1193013186
2115002720
2791495961
1510020531
2791484735
1103013745
8594014081
2791501083
2791470992
2791469721
2791479269
8199002437
2791496122
2114001237
1916010459
2791480948
2791465262
2020025756
1917046645
8795096357
1907012174
1414016890
8903032209
1720707170
2791497104
2810724324
1912005147
2791477883
2791467631
8790088370
1207009329
2791468849
2015024933
2016014072
2791465672
2791465211
2791465920
8597015417
1712021034
8503013741
2791463918
8600055369
2791497169
2791491927
2791484681
1914003177
2791472581
2791496527
1513014817
2791492705
2791492194
2791495145
2791493236
2791485385
2791465551
8783081343
2791489208
2791485079
1403014003
2791467995
8701086581
2791472920
2791489354
2791499277
2791485007
2791471414
2791478884
2791478703
2791463702
2791473446
2791499575
2791498860
8781087191
1610013993
2791490851
1411013371
2791467220
1612013351
2791477526
2791479197
2791466284
2791489904
8782073340
2791499770
2791470948
2791483240
8908034542
2791483930
2791471791
2791499223
2791477652
8806092505
2791487090
2791493911
8703076374
1611016601
2791494510
9789014321
2791483673
2791486314
2791470289
2791464937
8797089669
8802086240
9790010272
2660718461
2791498316
2791467520
8787088758
2791501029
2791487448
2791497895
8908028421
2791499120
2791498219
8802088177
2791490745
2791475449
2791498533
2791467425
9794009413
2791501245
1812019382
8501017102
1305014252
8908027689
2791466125
2791464923
9896005939
2791477598
8890086879
2791486742
2791485908
